634802	-5.11
112954	-5.15
107899	-5.2
630917	-5.36
630912	-5.01
93134	-5.2
678473	-5.2
640260	-5.04
640261	-5.15
640266	-5.72
128851	-5.18
87294	-5.25
687950	-5.33
261045	-5.2
625829	-5.77
20864	-5.63
633483	-6.42
636508	-5.2
636509	-5.28
636504	-5.36
636506	-5.18
636500	-5.49
636503	-5.28
650354	-5.13
650353	-5.16
650358	-5.66
67574	-5.55333333333
637679	-5.01
637670	-5.01
676916	-5.7
64943	-7.2
64946	-7.2
64947	-7.2
690602	-5.52
683648	-5.7
648221	-5.11
699492	-6.12
699495	-6.45
699494	-5.82
699497	-6.06
699496	-6.235
697445	-5.74
673738	-6.7
696901	-5.01
646485	-5.12
631383	-5.33
631382	-5.43
631381	-5.14
631386	-5.19
631385	-5.67
631384	-5.98
50848	-5.02
634407	-5.42
634405	-5.39
634403	-5.39
634401	-5.73
634400	-5.28
703046	-5.75
666736	-5.2
666735	-5.7
649861	-5.33
649860	-5.17
632122	-5.53
632121	-5.48
649283	-5.37
80467	-5.31
691844	-5.425
691848	-5.045
632829	-5.5
632826	-5.24
632824	-5.15
632822	-5.54
641047	-5.01
18334	-5.2
18335	-5.62
675451	-6.185
653563	-5.66
653561	-5.7
61640	-7.2
681683	-5.2
716552	-5.93
716551	-5.96
642600	-5.02
642601	-5.13
642608	-5.26
642609	-5.02
688303	-5.7
634889	-5.6
634888	-5.39
634883	-6.22
634882	-5.65
634881	-5.5
634886	-5.37
634885	-5.38
634884	-5.27
652771	-5.1
652770	-5.17
701777	-6.92
666159	-7.7
129814	-5.3
630993	-5.68
630992	-5.57
266186	-5.2
631643	-5.3
676419	-5.75
645658	-5.29
643717	-5.17
643716	-5.31
643719	-5.29
641626	-6.365
326660	-5.33
66020	-5.56
84096	-5.42
644907	-5.06
644906	-5.11
693248	-5.2
627598	-5.53
663419	-8.97
701202	-5.89
701203	-6.25
701201	-6.07
635124	-5.45
646609	-6.685
276439	-6.55
63701	-6.7
633402	-5.62
633401	-5.4
651009	-5.04
651001	-5.09
630322	-5.16
630328	-5.34
630329	-5.03
16963	-5.06
650873	-5.06
650874	-5.33
669965	-6.0
682597	-5.7
698273	-5.21
67239	-5.7
693250	-5.2
695945	-6.6
695941	-8.0
652124	-5.09
652125	-5.53
652126	-5.86
652122	-5.36
6129	-5.46
654609	-5.7
654608	-5.7
654603	-5.7
654602	-5.7
653385	-5.43
70929	-7.85
71033	-5.315
634157	-5.3
690562	-5.46
638108	-5.24
639475	-5.855
639476	-5.96
639472	-5.87
631849	-5.09
79050	-5.61
699339	-5.385
301503	-5.12
644578	-5.62
636183	-5.29
642934	-5.28
652864	-5.84
652861	-5.94
652860	-5.76
652863	-5.92
652862	-5.84
284682	-5.2
311481	-5.04
655070	-5.27
631538	-5.15
631539	-5.19
631533	-5.48
631534	-5.31
631535	-5.6
625919	-5.08
633395	-5.25
633398	-5.67
633399	-5.2
649076	-5.38
633026	-5.08
114859	-5.02
615021	-5.14
297321	-5.7
640184	-5.63
76750	-7.2
648535	-5.3
638441	-5.08
650020	-5.42
324043	-5.41
688022	-5.7
652543	-5.56
652540	-5.56
652541	-5.57
7364	-5.7
650562	-5.1
630891	-5.6
630892	-5.84
630896	-5.92
634397	-5.12
634394	-5.25
649914	-5.01
635447	-5.34
635442	-5.68
635449	-5.42
645115	-7.155
636803	-5.4
332598	-5.66
636501	-5.64
636502	-5.5
614580	-5.16
66108	-5.84
606170	-5.51
606174	-6.0
700455	-6.7
704529	-5.02
641131	-5.44
641139	-5.07
687850	-5.2
687851	-5.2
239222	-5.19
633525	-5.07
355170	-5.03
642955	-5.3
649890	-5.8
705958	-7.16
645098	-5.27
339600	-5.18
667951	-6.08
667950	-5.45
667952	-6.705
664739	-6.01
664737	-5.69
634051	-5.2
634052	-6.21
634053	-5.66
634054	-5.16
634055	-5.15
634056	-5.76
634057	-5.68
692228	-5.8
170365	-5.05
649566	-5.32
635019	-5.06
128783	-5.09
128784	-7.09
128785	-5.94
701828	-5.86
634839	-5.27
634835	-5.35
651714	-6.0225
94510	-6.02
631073	-5.77
631075	-5.75
631074	-5.94
685804	-5.7
380477	-5.34
380479	-5.22
641698	-8.31
641699	-8.3
641697	-8.58
116281	-5.7
694324	-5.27
155572	-5.38
33518	-5.36
638644	-5.23
635193	-5.31
695939	-6.6
64056	-5.03
269148	-5.16
269146	-6.78
699499	-5.96
673833	-5.2
673830	-5.7
672120	-5.7
690633	-5.5
690635	-5.705
719254	-5.2
719256	-5.55
719257	-5.7
719258	-5.86
653454	-5.17
680718	-5.7
527017	-5.31
667645	-5.2
637918	-5.03
637919	-5.01
637916	-5.63
637910	-5.41
650733	-5.06
650732	-5.34
650731	-5.03
634298	-5.3
634299	-5.09
631405	-5.11
639232	-5.8
639235	-5.07
641453	-5.02
670081	-5.45
670080	-5.59
656199	-6.56
632174	-5.37
632177	-5.31
632173	-5.47
78570	-7.2
632179	-5.51
632178	-5.27
383031	-5.21
157004	-5.1
651928	-5.14
649107	-5.2
301739	-5.155
637493	-6.55
633604	-5.58
653435	-5.04
692738	-5.2
653436	-5.64
653557	-5.26
635098	-5.51
653550	-5.17
635097	-6.02
635096	-5.52
664210	-7.33
642412	-5.58
312033	-6.24
663606	-9.2
640227	-5.14
679804	-6.7
649607	-5.37
633615	-5.68
633614	-5.08
640239	-5.15
640235	-5.02
636936	-5.39
3077	-7.0
641618	-5.54
177382	-6.71
653141	-5.01
653140	-5.38
653145	-5.32
653147	-5.25
653146	-5.33
646648	-5.03
691995	-5.76
691999	-6.7
631387	-5.9
616246	-7.2
698022	-5.01
695574	-5.79
634648	-5.01
635116	-5.2
639760	-5.3
639763	-5.09
639762	-5.525
639765	-5.14
639767	-5.1
639766	-5.11
149720	-5.65
633187	-5.37
633185	-5.7
633184	-5.42
633183	-5.55
633182	-5.44
633188	-5.23
652024	-5.39
13107	-5.7
635932	-5.02
666378	-5.26
631130	-5.3
631132	-5.08
645396	-6.09
649863	-5.3
24819	-5.76
653152	-5.74
653153	-5.1
632120	-5.33
704813	-5.23
613012	-5.7
687308	-5.2
654631	-5.08
703045	-5.26
237107	-5.02
704061	-6.69
704063	-7.55
704062	-6.77
704064	-6.63
652913	-5.09
670778	-6.7
16847	-5.7
128797	-6.61
79589	-5.05
632899	-5.03
712826	-6.19
712827	-5.9
638534	-5.865
658703	-5.7
642654	-5.77
642659	-5.4
651248	-5.32
651241	-5.04
22842	-5.29
647975	-6.23666666667
647974	-5.65
647976	-6.09
677716	-6.7
677717	-6.7
677714	-5.7
685267	-5.32
649028	-5.77
659015	-5.54
659017	-6.37
122819	-5.4
301477	-6.7
642411	-5.35
642410	-5.68
642413	-5.22
642415	-5.44
642414	-5.6
642416	-5.76
642419	-5.67
642418	-5.57
660816	-5.55
648904	-5.24
648906	-5.25
658001	-5.7
15600	-5.18
647148	-5.48
695588	-5.2
638478	-6.86
643408	-5.94
680662	-6.15
622102	-5.33
648882	-5.71
702732	-5.62
648887	-5.43
717348	-5.62
650826	-5.25
645857	-5.24
262665	-5.01
718116	-5.69
668334	-6.7
668335	-6.7
668336	-6.7
668330	-5.7
668331	-5.2
668332	-5.2
668333	-6.7
275647	-5.2
637630	-5.03
637718	-5.2
78743	-5.45
78742	-5.06
78747	-5.21
78746	-5.34
66133	-5.17
66135	-5.11
648859	-5.5
648858	-5.07
86894	-5.7
686037	-5.02
670940	-6.7
613777	-5.06
641108	-5.98
641103	-5.3
667473	-5.7
30706	-5.2
652997	-5.11
697784	-5.2
11337	-5.29
649270	-5.15
638150	-5.13
650206	-5.66
650205	-5.4
639784	-5.45
639783	-5.49
639782	-5.45
639780	-5.33
630141	-5.17
673317	-5.37
33410	-5.2
636488	-5.23
636487	-5.08
640526	-5.05
640529	-5.06
642968	-5.07
134224	-5.16
652033	-5.34
652030	-5.1
652031	-5.16
652036	-5.6
652037	-5.39
652034	-5.8
652035	-5.17
642505	-5.31
640898	-5.07
372486	-5.2
645382	-5.14
692036	-6.02
634082	-5.29
634086	-5.84
631567	-5.3
635020	-5.52
635027	-5.2
676948	-5.14
670547	-7.2
633071	-5.18
634861	-5.26
634860	-5.42
719261	-5.92
719262	-5.74
631914	-5.22
631915	-5.87
646828	-5.09
691518	-5.8
691519	-5.2
186301	-6.7
36419	-5.19
647066	-5.17
647065	-5.15
640286	-7.24
636362	-5.12
636365	-5.13
629243	-6.94333333333
177971	-5.06
359677	-5.7
135075	-5.2
128788	-5.37
667889	-5.2
667888	-5.2
667887	-5.2
652596	-5.16
653249	-5.05
655168	-5.16
655167	-5.24
657989	-5.7
634546	-5.21
634544	-5.93
42110	-5.47
710032	-5.755
710031	-5.225
381866	-5.2
673800	-5.2
673805	-6.7
67806	-5.7
67804	-5.21
642518	-5.09
642519	-5.37
616791	-6.24
645323	-5.1
646982	-5.21
691200	-5.11
652163	-5.07
642894	-6.26
642893	-5.22
700290	-6.49
700123	-5.26
243023	-5.96
666255	-5.08
666038	-5.7
664894	-5.23
664891	-5.38
664893	-5.79
650706	-5.25
650705	-5.03
666863	-6.16
645044	-5.62
645042	-5.2
637200	-5.95
637203	-5.15
630900	-5.11
633646	-5.41
268756	-5.34
698623	-5.38
84486	-5.7
634009	-5.33
634008	-6.03
634003	-6.1
634002	-5.3
634001	-5.1
634000	-5.38
634004	-5.5
652275	-5.27
638583	-5.56
638581	-7.4
638051	-5.28
19912	-5.505
633341	-5.12
633343	-5.04
149690	-5.18
650914	-5.02
650910	-5.02
649676	-5.09
649677	-5.925
648071	-5.34
144990	-5.71
684419	-5.7
648691	-6.09
614642	-5.02
693097	-5.02
695806	-5.2
646699	-5.73333333333
247561	-5.2
706328	-5.17
16027	-5.26
76155	-7.2
665964	-6.93
665963	-6.89
149710	-5.7
637655	-6.20333333333
351095	-5.18
76028	-5.21
693246	-5.2
157411	-5.4
643148	-5.35
652149	-5.14
652144	-5.93
603850	-5.75
355637	-6.7
13759	-5.48
632109	-5.82
670784	-6.7
670785	-6.7
670786	-5.2
670780	-6.7
633857	-5.05
649151	-5.1
649150	-5.32
648404	-5.05
648405	-5.34
648402	-5.18
648403	-5.24
636735	-5.69
632848	-5.16
632840	-5.13
632843	-5.11
632847	-5.01
648360	-6.51
642663	-5.05
642661	-5.33
688366	-5.3
652759	-5.85
652758	-5.39
657504	-5.18
665485	-5.7
639329	-5.49
639328	-5.385
639327	-5.03
639326	-5.31
631667	-5.44
16447	-6.7
268772	-5.12
143491	-5.2
643738	-5.12
636948	-5.23
636949	-5.07
288016	-5.21
633403	-5.66
646611	-6.73
646610	-6.65
646616	-5.68
165572	-5.7
356200	-5.08
640122	-5.13
688505	-5.03
699329	-5.91
642967	-5.21
647367	-5.19
638313	-5.53
635244	-5.2
650044	-5.13
633425	-5.2
633422	-5.75
657779	-5.22
657776	-5.19
635962	-5.62
635961	-5.5
630301	-5.15
651007	-5.51
668360	-6.0
682066	-6.7
609067	-6.82
711681	-5.7
380292	-5.415
286719	-5.04
648860	-5.82
648864	-5.42
632480	-5.83
632484	-5.11
632486	-5.06
643593	-5.01
678039	-6.7
613729	-5.44666666667
76507	-5.14
372485	-5.2
634174	-5.6
634178	-5.55
670702	-6.7
649225	-5.09
649222	-5.34
632181	-5.04
632183	-5.36
63689	-5.04
637468	-5.13
670888	-5.89
676836	-5.2
653946	-5.44
625642	-5.87333333333
640519	-5.36666666667
642914	-5.06
642915	-5.07
637700	-5.06
637703	-5.31
643351	-5.07
603170	-5.49
603173	-5.58
603172	-5.65
652732	-6.26
710299	-6.09
656745	-5.13
635075	-5.67
635070	-6.24
635073	-5.51
155536	-5.44
633957	-5.65
633952	-6.07
636679	-5.11
49842	-5.54666666667
692219	-6.7
39946	-5.08
635029	-5.58
637138	-5.05
648083	-5.1
648084	-5.1
691192	-5.23
642706	-5.3
20625	-5.09
652562	-5.03
620753	-6.84
650899	-5.24
631547	-5.15
695943	-5.8
695942	-6.3
659142	-5.7
637198	-6.11
639832	-5.14
654814	-5.26
602670	-5.7275
658950	-5.1
373818	-5.2
634862	-5.9
346410	-7.16
714024	-5.13
714026	-5.93
714027	-5.85
610896	-5.2
610898	-5.45
651923	-5.2
651922	-5.06
647246	-5.36666666667
638212	-5.18
638211	-5.55
373031	-6.36666666667
633505	-5.03
369327	-5.2
369326	-5.7
656454	-5.21
633068	-5.01
634230	-5.87
674611	-5.7
679825	-5.07
635541	-5.16
635548	-5.77
649748	-5.56
649749	-5.36
711258	-5.71
648908	-5.61
648903	-5.15
144310	-5.04
717340	-5.56
717341	-5.33
717342	-5.43
645856	-5.13
642081	-5.14
612116	-5.2
643841	-5.02
643842	-5.02
643847	-5.24
643846	-5.18
634724	-7.7
633338	-5.31
633339	-5.01
633331	-5.05
290494	-5.2
129220	-5.7
666256	-5.08
666252	-5.08
111533	-6.0
630908	-5.12
636085	-5.54
640259	-5.25
640258	-5.22
640255	-5.17
640254	-5.23
640257	-5.2
640256	-5.06
640251	-5.21
640250	-5.33
640253	-5.07
640252	-5.07
610998	-6.83
646090	-5.52
646093	-6.77
695853	-5.52
133689	-5.51
122390	-5.62
174121	-6.7
207811	-5.2
13662	-5.22
634598	-5.14
634596	-5.06
635246	-5.52
269754	-5.2
269757	-5.2
269753	-5.7
672100	-5.7
645378	-5.3
645376	-5.54
683659	-5.7
346230	-5.3
698281	-5.33
601311	-5.21
648214	-5.03
641815	-5.49
379642	-5.4
653318	-5.7
653319	-5.66
650751	-5.26
650752	-5.36
650755	-5.71
650754	-6.01
650757	-5.38
650756	-5.51
650759	-5.61
650758	-5.16
353492	-5.17
353494	-5.7
665534	-5.485
634414	-5.26
634415	-5.15
619072	-5.76
659779	-5.57
95654	-5.27
372106	-5.29
652591	-5.03
128787	-6.67
614939	-6.13
691838	-5.33
36354	-6.7
680820	-5.24
632831	-5.2
632832	-5.12
632835	-5.08
632839	-5.4
166641	-5.7
238146	-5.41
108408	-5.41
659239	-5.31
642630	-5.15
634890	-5.59
652766	-5.81
652769	-5.4
693117	-5.5
706106	-6.8
664941	-5.11
630986	-5.2
633986	-5.16
278356	-5.35
3053	-6.52
643704	-5.65
643705	-5.08
699053	-5.4
699055	-7.3
699054	-6.3
641635	-6.265
644285	-5.09
690593	-5.05
100880	-6.0
698599	-5.12
689228	-5.24
632833	-5.53
38270	-5.2
635132	-5.04
635135	-5.03
625847	-5.97
625849	-5.37
268217	-5.21
635958	-5.55
635956	-5.14
635957	-5.73
635954	-5.78
275421	-5.3
634302	-5.21
165897	-5.16
196863	-5.22
196869	-5.47
380794	-5.23
640354	-5.43
652110	-5.14
23427	-5.3
706095	-7.3
701196	-6.05
701197	-6.04
701195	-6.42
76557	-7.0
13704	-5.2
118051	-5.1
693544	-5.2
668301	-5.2
251210	-5.07
631727	-5.18
164889	-5.04
74700	-5.13
636426	-5.06
636425	-5.18
636423	-5.31
653866	-5.17
249278	-5.2
714890	-5.32
714893	-5.56
684882	-5.59
684884	-5.07
647950	-5.24
686489	-5.7
129883	-5.08
634756	-5.2
634755	-5.09
634753	-5.55
634752	-5.06
698799	-5.59
649007	-5.16
649005	-5.26
671291	-6.66
671292	-5.27
636990	-5.26
155610	-5.91
615019	-5.15
65849	-5.03
76749	-7.2
76747	-7.2
76746	-7.2
77833	-7.2
635441	-5.32
651349	-5.01
652539	-5.46
652538	-5.45
652537	-5.18
650594	-5.32
650598	-5.71
624151	-5.045
635471	-5.32
335791	-5.17
679011	-5.56
176323	-6.0
3865	-5.01
144153	-5.3
647275	-5.94
689537	-6.7
689535	-6.7
689534	-5.7
689532	-6.7
689531	-5.2
243046	-5.82
259936	-5.48
676863	-5.7
636139	-5.07
640540	-5.18
640542	-5.12
648396	-5.49
646253	-5.07
646255	-5.52
646254	-5.01
642948	-5.66
642947	-5.48
642946	-5.59
642945	-5.53
641700	-8.36
667948	-5.81
231984	-5.1
329507	-6.01
76453	-5.8
634067	-5.19
634060	-5.26
662283	-5.53
65104	-5.38
256942	-6.7
638036	-5.78
635002	-5.03
635009	-5.09
638039	-5.18
633091	-6.02
634848	-5.12
634847	-5.65
634846	-5.43
634845	-6.45
634844	-5.7
634842	-5.68
634840	-5.25
79136	-7.2
79139	-7.2
79138	-7.2
290193	-5.47
699058	-7.23
675187	-6.04
675186	-7.12
638146	-5.03
648580	-5.25
681454	-5.7
683883	-5.45
43891	-5.23
714466	-7.48
714467	-7.23
634538	-5.4
4492	-5.64
640244	-5.02
700591	-6.58
619005	-5.16
639015	-5.32
639018	-5.23
137470	-5.02
97318	-6.08
632112	-5.24
632116	-5.7
673828	-5.7
673829	-5.7
58514	-5.21
356101	-5.03
355450	-6.7
645307	-5.18
646966	-5.09
694557	-5.21
694556	-5.49
172946	-5.2
696906	-5.09
35932	-5.42
57956	-5.17
637921	-5.01
637920	-5.01
289491	-5.2
256438	-6.7
649828	-5.16
341651	-5.7
661186	-5.94
645798	-5.3
650028	-5.18
678323	-6.5
698601	-5.91
698600	-6.31
15584	-5.31
684142	-5.7
652213	-5.03
87434	-5.01
721629	-6.02
701826	-5.02
664208	-7.8
664209	-7.31
718118	-5.2
652542	-5.81
650973	-5.01
697096	-5.33
306711	-5.17
668264	-5.7
668265	-5.7
673797	-5.7
673794	-5.7
673795	-5.2
673793	-5.7
673790	-5.2
633605	-5.89
633609	-5.07
616248	-7.2
641661	-7.47
641660	-7.35
616245	-7.2
616244	-7.2
616243	-7.2
713580	-5.71
653151	-6.12
693104	-5.55
706116	-8.16
634652	-5.53
633190	-5.58
633191	-5.47
633192	-5.73
633193	-5.68
639772	-5.93
639773	-5.56
639774	-6.09
639778	-5.27
639779	-5.53
163661	-5.79
637639	-5.4
670941	-6.7
675865	-5.2
670716	-6.0
669380	-5.7
669381	-5.2
645380	-5.07
645381	-5.38
645387	-5.02
668556	-5.7
652040	-5.36
648154	-5.14
648155	-5.04
648151	-5.1
647122	-5.15
699726	-5.7
699725	-5.7
647120	-5.44
45874	-5.29
333601	-5.95
635955	-5.51
4238	-7.2
128786	-5.01
366078	-7.2
652902	-5.17
634191	-5.12
634190	-5.15
635825	-5.14
673123	-5.41
13778	-5.61333333333
633254	-5.91
633250	-5.14
125973	-5.38
635004	-5.57
631809	-5.32
631801	-5.27
631804	-5.22
631805	-5.06
79594	-5.25
22306	-5.88
652292	-5.1
652296	-5.32
648344	-6.63
636418	-5.07
643597	-5.08
643591	-5.01
666115	-5.15
40341	-5.11
638050	-5.91
648883	-5.46
648886	-5.77
634761	-5.12
695938	-7.6
633936	-5.22
677761	-5.175
380481	-5.13
380480	-5.16
642402	-5.64
642400	-6.55
642401	-6.78
642406	-5.69
642407	-5.7
642404	-5.7
642405	-5.56
642408	-5.83
642409	-5.83
612049	-5.0125
644943	-5.54
644944	-5.8
689297	-5.6
37554	-6.03
619377	-6.75
699349	-6.31
699340	-5.95
208891	-5.22
695590	-5.5
650065	-6.84666666667
650064	-6.85
650061	-5.38
654956	-8.43
635980	-5.63
666302	-5.2
51046	-5.16333333333
668302	-5.2
631729	-5.1
631728	-5.15
645159	-5.39
645158	-5.64
645157	-5.14
645156	-5.72
645152	-5.05
370660	-5.01
678866	-5.2
687376	-6.44
646440	-7.85
646444	-5.86666666667
4516	-5.3
634117	-5.05
88844	-5.61
649243	-5.26
649242	-5.22
649244	-5.26
649247	-5.21
649246	-5.04
671056	-8.16
671055	-8.2
671053	-5.2
671052	-5.2
671051	-6.7
671050	-6.7
668856	-5.67
149079	-5.04
255298	-5.01
89850	-5.69
697652	-5.07
685968	-5.7
636499	-6.7
640530	-5.03
645727	-6.9625
263474	-5.34
637726	-5.53
637725	-5.5
637721	-5.17
637720	-5.04
642396	-6.15
642397	-6.03
642394	-5.27
642395	-5.41
642398	-6.52
642399	-6.59
652045	-5.44
652044	-5.42
652043	-5.42
652042	-5.65
652041	-5.22
652049	-5.13
654077	-5.52333333333
635058	-5.48
635057	-5.55
635054	-5.39
635053	-5.78
674220	-5.28
633065	-5.52
633066	-5.13
633069	-5.18
634876	-6.17
634877	-5.65
634874	-5.13
634875	-6.1
634872	-5.73
634870	-5.5
634871	-5.18
634878	-5.04
654536	-5.03
654533	-5.31
631965	-5.72
53864	-5.74
146360	-5.27
636359	-5.44
339433	-5.02
177969	-5.4
697923	-7.7
320933	-5.14
665526	-5.46
651333	-5.2
667890	-5.2
667891	-6.7
667892	-6.7
667893	-5.2
667896	-5.7
667897	-5.2
404019	-5.5
657996	-5.7
657994	-5.7
657995	-5.7
12514	-5.01
632905	-5.87
632906	-5.4
632907	-5.39
632902	-5.1
625852	-5.61
625853	-5.62
625850	-5.74
634533	-5.43
634532	-5.23
634531	-5.17
69603	-7.2
69600	-7.2
69607	-7.2
636592	-6.14
636591	-5.38
636590	-5.58
710029	-5.61
642520	-5.06
642522	-5.06
56712	-5.06
56714	-5.75
693322	-5.2
641177	-5.01
641176	-5.18
641175	-5.17
641174	-5.32
270904	-5.09
15257	-5.7
684694	-7.6
650295	-5.07
650296	-5.3
660371	-7.57
660372	-7.32
660373	-6.89
660374	-5.03
686349	-5.2
662831	-7.02
662830	-7.62
662832	-7.01
369395	-6.0
259969	-5.2
259968	-5.2
682699	-5.06
682692	-6.29
636143	-5.04
699227	-5.29
641039	-7.07
694152	-6.39
634014	-6.18
634015	-5.39
634012	-5.23
634013	-5.3
681631	-5.03
707156	-5.2
666386	-5.93
697753	-5.37
669145	-5.815
715196	-6.83
675282	-6.035
675281	-5.69666666667
675286	-5.98
649649	-6.585
273829	-5.23
342674	-5.48
645571	-5.31
637000	-5.04
637001	-5.16
641654	-6.44
715780	-5.67
715781	-6.12
653415	-6.05
653414	-5.77
670931	-6.7
670930	-5.7
693702	-5.2
632904	-5.56
649484	-5.19
693541	-5.2
693540	-5.2
693543	-5.2
693542	-5.2
650361	-5.48
650362	-5.06
650363	-5.25
650364	-5.78
650365	-5.62
650368	-5.18
637641	-8.32
637642	-5.18
637643	-8.56
637646	-6.31333333333
291312	-5.2
694755	-6.27
650379	-5.83
691542	-5.36
658573	-5.7
107124	-6.0
714892	-5.65
326408	-6.7
646497	-5.41
646496	-5.15
622475	-5.62
650779	-5.38
650778	-5.26
684888	-5.81
684881	-5.56
613800	-5.58
634473	-5.15
634475	-5.74
631730	-5.26
631731	-5.31
636593	-5.79
639914	-5.22
319726	-5.2
697598	-7.12
691851	-5.845
691852	-5.535
632850	-5.45
632851	-5.43
147969	-5.09
683577	-5.7
648372	-5.12
648373	-5.11
691081	-5.29
684792	-5.48
642618	-5.11
663640	-5.23
692227	-5.16
650984	-5.01
639330	-5.09
631651	-5.4
670365	-5.31
632300	-5.21
632301	-6.18
636970	-5.02
675459	-5.34
643721	-5.29
75805	-7.2
646608	-6.845
646604	-6.42
646605	-6.21
646606	-6.8
646607	-6.24666666667
646603	-6.35
644931	-5.01
644937	-5.35
622229	-5.95
663405	-6.05
691127	-5.08
638307	-5.16
638302	-5.57
638308	-5.02
650058	-6.48
650059	-5.94666666667
651013	-5.4
651015	-5.6475
651016	-5.0375
635974	-5.83
630335	-5.04
630337	-5.2
630336	-5.12
630339	-5.22
250430	-5.025
705957	-6.28
705955	-5.77
283438	-5.66666666667
640335	-5.63
685582	-5.95
685583	-5.47
685584	-7.33
521777	-5.2
78702	-5.14
695936	-5.5
695937	-5.8
634168	-5.42
635690	-5.32
693118	-5.2
693119	-5.2
652141	-5.14
649239	-5.14
649233	-5.09
649234	-5.56
649236	-5.39
63697	-5.405
639446	-5.09
670074	-5.66
670078	-5.51
670079	-5.44
710303	-6.16
710302	-6.61
653413	-5.52
645777	-5.88
637717	-5.13
637719	-5.03
603169	-5.01
680416	-6.0
680414	-6.09
680413	-6.74
680412	-5.8
680411	-7.155
134227	-5.09
685214	-5.7
652859	-6.3
126728	-5.445
155694	-5.7
631527	-5.1
631525	-5.1
677437	-5.7
631528	-5.23
635067	-5.9
372201	-5.39
65828	-5.1
679545	-5.81
679544	-5.55
643995	-5.14
83089	-5.14
638439	-5.41
687002	-5.7
642719	-5.12
652558	-5.37
652551	-5.42
652554	-5.48
652556	-5.33
650578	-5.66
637822	-5.39
630887	-5.2
634501	-5.41
671553	-5.7
645129	-5.9
645124	-5.29
291926	-5.22
698802	-6.04
648894	-6.19
648893	-5.41
648890	-5.32
648898	-5.12
55237	-5.7
134679	-5.7
704532	-7.74
704531	-5.96
704530	-5.93
641141	-5.09
641146	-5.09
641148	-5.02
641149	-5.12
687849	-5.2
128807	-5.23
691240	-6.7
691242	-6.7
691243	-5.7
691247	-5.7
633511	-5.34
634204	-5.32
635552	-5.2
635553	-5.76
658434	-5.09333333333
711261	-5.76
677582	-6.7
140025	-7.96
647648	-5.13
144303	-5.2
647643	-8.2
647646	-8.5
647645	-8.28
647644	-8.09
642079	-5.31
627725	-7.18
128311	-5.12
643851	-5.09
643855	-5.04
634674	-5.2
526417	-5.915
43095	-5.7
300236	-5.59
119889	-5.80666666667
639655	-6.7
639659	-5.2
666246	-5.08
666247	-5.08
666245	-5.08
666243	-5.2
666241	-5.08
666248	-5.08
666249	-5.08
697780	-5.01
635104	-5.54
643045	-5.11
643047	-5.6
616249	-7.2
643046	-5.29
635100	-5.08
616247	-7.2
712905	-6.13
712906	-6.03
647024	-5.815
18268	-7.2
640245	-5.08
640243	-5.06
640240	-5.12
685125	-5.7
645548	-7.04
645542	-6.1775
645540	-6.85
645547	-6.87
646086	-5.24
684984	-5.01
641530	-7.0
135037	-6.7
682805	-5.15
691849	-5.2
255109	-5.7
700357	-5.05
135962	-5.2
212561	-5.17
635187	-5.22
635189	-5.13
635237	-5.15
649307	-5.56
633179	-5.63
633173	-5.51
633171	-6.18
636520	-5.02
637691	-5.42
637696	-5.11
24559	-6.56
369289	-5.01
676937	-5.36666666667
106399	-5.2
648367	-5.15
646125	-5.305
688284	-5.7
688285	-5.5
652185	-5.1
7231	-5.04
653327	-5.32
21435	-5.07
650742	-5.06
650740	-5.46
650746	-5.24
650747	-5.27
650744	-5.37
650745	-5.2
650748	-5.03
650749	-5.43
665527	-5.02
670194	-5.53
664343	-5.7
146604	-5.03333333333
693545	-5.2
202088	-5.7
700863	-5.15
703987	-5.84
650959	-5.31
650958	-5.12
649638	-5.16
633669	-5.63
633667	-5.04
3061	-6.0
644272	-5.12
655431	-5.37
373951	-5.24
635048	-5.02
234668	-5.2
635108	-5.17
635105	-5.74
638355	-5.22
635101	-5.32
638352	-5.78
635103	-5.68
635102	-5.72
661122	-6.18666666667
661123	-6.19
657732	-7.805
657733	-7.43
637611	-5.02
637617	-5.04
637614	-5.17
280594	-5.25666666667
635929	-5.71
635925	-5.51
635922	-5.13
635921	-5.15
635920	-5.29
630340	-5.06
630341	-5.91
630343	-5.07
630345	-5.1
630346	-5.18
631127	-5.6
632479	-5.6
654628	-5.12
251203	-5.01
633239	-5.14
650271	-5.28
637412	-5.01
647115	-5.56
636431	-5.07
636432	-5.07
713058	-5.11
651256	-5.32
647949	-6.2
631515	-5.05
7520	-5.61
7521	-5.7
7525	-6.7
673731	-5.7
673735	-5.2
673736	-5.2
673737	-6.7
633910	-5.02
607957	-5.32
677705	-5.7
677707	-5.305
649012	-5.61
633001	-5.9
671286	-5.48
671283	-5.22
630678	-6.675
630679	-5.08
630670	-5.32
636988	-5.11
636989	-5.39
636984	-5.11
642420	-5.62
65856	-5.25
694623	-5.76
694622	-5.03
698506	-5.6
647091	-5.16
375166	-5.33
76191	-5.79
689714	-5.7
698553	-5.75
633810	-7.52
355256	-6.7
668329	-6.7
668328	-5.2
668323	-6.7
668322	-5.2
668326	-5.2
668325	-5.2
668324	-6.7
635460	-5.37
635461	-5.1
49451	-5.2
94600	-6.0
90739	-5.21
710040	-5.005
643186	-5.15
3875	-5.68
334664	-5.35
682345	-6.82
641119	-5.39
673303	-5.89
673302	-5.22
697675	-5.96
697674	-5.37
645282	-5.5
636126	-5.31
642954	-5.32
642957	-5.33
642952	-5.18
287474	-5.15
691115	-5.34
652025	-5.01
652027	-5.04
652029	-5.21
652028	-5.37
641096	-5.01
634078	-5.04
635030	-5.25
635033	-5.16
635035	-5.1
635037	-5.33
635036	-5.05
116280	-6.7
632029	-5.18
649098	-5.63
649095	-5.17
152100	-5.15
634850	-5.56
634853	-5.69
634854	-5.4
634859	-5.48
719253	-5.15
719255	-5.34
654519	-5.47
637505	-5.08
79140	-7.2
79141	-7.2
650043	-5.85
93729	-5.08
646839	-5.06
294614	-5.3
76311	-5.18
668298	-6.7
668297	-6.7
647014	-5.865
647019	-7.24
636375	-5.21
636374	-5.13
128821	-5.52
200737	-6.22666666667
653253	-5.19
656598	-5.7
355705	-5.44
633496	-5.13
634551	-5.49
649971	-5.66
53391	-5.03
649352	-5.35
633123	-5.13
639789	-5.08
639785	-5.04
636510	-5.85
636515	-5.77
642503	-5.75
642502	-5.36
642504	-5.33
676943	-5.2
676949	-6.44
166726	-5.2
628495	-6.88
640469	-5.02
35949	-5.24
680730	-5.7
700288	-6.07
700281	-7.12
700283	-6.25
700282	-6.68
700285	-6.55
700284	-6.49
700287	-6.59
700286	-6.49
632117	-5.9
143648	-5.2
625487	-5.66666666667
625483	-6.755
625482	-6.045
674066	-5.7
351742	-5.29
645030	-5.86
108725	-5.18
648492	-5.33
630293	-5.23
632119	-5.7
647947	-5.76
635099	-5.27
635095	-5.96
695267	-5.2
652886	-5.2
652885	-5.2
652265	-5.11
652263	-5.67
652262	-5.92
652261	-5.66
652260	-5.36
661944	-5.42
638043	-5.34
638047	-5.76
638046	-5.23
305222	-5.7
310290	-5.03
701718	-6.19
664909	-5.7
718121	-5.33
718122	-5.38
600969	-5.04
650968	-5.28
650969	-5.09
650962	-5.04
650963	-5.47
650961	-5.08
650966	-6.1
705833	-5.43
705832	-5.3
640499	-5.43
640213	-5.06
188491	-5.2
339490	-5.02
616254	-7.2
616252	-7.2
616253	-7.2
616250	-7.2
616251	-7.2
710468	-5.18
667872	-6.7
667871	-6.7
646660	-5.35
646661	-5.04
122023	-6.245
638035	-5.26
155588	-5.76
405895	-5.14
634743	-5.04
653940	-5.34
653943	-5.41
653945	-5.1
634627	-5.05
634748	-5.99
631513	-5.42
380882	-5.75
638364	-5.12
638365	-5.2
665353	-6.38
665357	-6.79
665356	-7.3
665358	-6.54
640323	-6.86
149709	-6.7
149708	-5.7
637627	-5.06
637625	-5.03
637629	-5.16
635919	-5.69
673739	-5.7
673732	-6.7
669042	-5.18
58914	-5.46
615985	-5.275
380202	-5.09
633914	-5.36
79232	-5.47
614575	-5.09
614573	-5.05
704783	-5.3
704784	-5.38
652151	-5.45
619794	-5.67
634180	-5.07
256443	-5.17
19214	-5.13
13746	-5.57333333333
693166	-7.265
693165	-6.12
632118	-5.43
633862	-5.04
292567	-7.24
633240	-5.29
633241	-5.23
633249	-5.46
633617	-6.7
39877	-5.17
34934	-5.07
34931	-5.33333333333
648352	-5.425
692753	-7.03
640635	-5.04
640631	-5.14
376484	-5.4
666160	-7.7
44185	-5.2
639319	-5.25
78571	-7.2
624010	-6.09
408715	-5.26
645666	-5.01
636953	-5.17
636952	-5.24
636955	-5.8
330465	-6.0
640905	-5.18
640904	-5.52
649223	-5.29
688531	-5.7
693224	-5.7
689727	-5.7
69557	-5.7
650380	-6.32
650381	-6.01
686560	-5.7
670938	-5.2
670937	-5.2
670936	-5.2
630318	-5.27
630313	-5.18
630311	-5.65
630316	-5.78
630315	-5.14
674897	-5.77
650805	-5.15
650807	-5.06
697169	-6.3
697168	-5.7
697167	-5.7
697165	-5.7
668312	-7.0
668313	-5.2
668311	-6.7
668315	-5.2
668318	-5.7
668319	-5.2
635435	-5.02
635431	-5.08
635430	-6.15
635432	-5.61
353901	-5.12
645149	-5.02
645140	-5.43
636856	-5.02
713218	-5.98
370656	-5.52
690986	-5.7
670887	-6.54
670886	-6.75
328403	-5.2
646437	-8.47
363072	-5.42
655526	-5.23
284200	-5.52
375163	-5.52
638285	-5.31
638286	-5.24
638281	-5.01
638283	-5.09
638282	-5.17
154020	-5.83333333333
63678	-5.08
112850	-5.13
673653	-6.08
676514	-6.7
644501	-5.08
637730	-5.66
637732	-5.02
637733	-5.36
637734	-5.77
330770	-5.77
696254	-5.2
696253	-5.2
652050	-5.71
652051	-5.15
652052	-5.3
662426	-7.36
662427	-7.91
359892	-5.5
631549	-5.71
635045	-5.43
635046	-5.13
635047	-5.46
635049	-5.9
5900	-5.49
674230	-6.13
636661	-8.65
713578	-5.76
631973	-5.56
221662	-5.2
382453	-6.7
26258	-5.7
646801	-5.58
675276	-5.39
698554	-5.12
30198	-5.16
648540	-5.49
648542	-6.05
648545	-5.32
648544	-5.36
648547	-5.27
648546	-5.25
629266	-5.2
279836	-5.375
650886	-6.19
651686	-6.15
651687	-6.34
634699	-5.39
632939	-5.07
634521	-5.45
634522	-5.39
634525	-5.29
634526	-5.25
668536	-5.29
668537	-5.26
668535	-5.21
637184	-5.28
278214	-5.13
636589	-5.83
693332	-5.2
70629	-5.7
682338	-5.93
641162	-5.16
651914	-5.39
651913	-5.04
668321	-5.2
668320	-5.2
668327	-5.2
365360	-6.27
634223	-5.84
634222	-5.04
634226	-5.48
634224	-5.58
634229	-5.74
634228	-5.45
673654	-5.82
636796	-5.11
646570	-5.36
76410	-7.2
640065	-5.135
652256	-5.49
652257	-5.45
652255	-5.93
634791	-5.18
652258	-5.82
652259	-5.61
