684983
684984
680730
CHEMBL267447
652138
111533
CHEMBL517348
680458
634487
663857
355450
130865
689727
130862
635194
635193
635198
646828
630908
672656
CHEMBL2021513
645243
165595
CHEMBL225191
CHEMBL207955
CHEMBL198425
CHEMBL508943
667680
667682
CHEMBL62796
635229
695832
CHEMBL93822
CHEMBL142943
CHEMBL418309
CHEMBL520029
CHEMBL404380
612049
632434
657382
657381
657380
CHEMBL446317
632432
632433
CHEMBL458443
653479
CHEMBL287541
633215
633214
682805
700289
700288
64058
64059
700281
64056
700282
297369
297368
700287
700286
255109
660225
647949
64452
634516
CHEMBL456713
CHEMBL404767
666863
700357
700356
694556
694555
677716
677717
677714
656636
133691
685267
685266
685265
634802
645042
702989
658276
658277
658274
668892
CHEMBL192847
CHEMBL11217
127572
655545
655544
655543
641039
641037
669944
703985
669943
694153
619377
659015
659017
659016
659019
659018
CHEMBL584780
701718
701719
670938
651036
651035
CHEMBL1928440
CHEMBL490504
670931
670930
112954
670936
CHEMBL2420231
640323
172946
301477
CHEMBL1173443
CHEMBL1173444
679289
363258
673833
673832
673830
641815
CHEMBL450297
CHEMBL435734
645591
CHEMBL374588
664939
711681
711680
657945
657944
666003
666007
685280
685282
606846
CHEMBL526148
347217
636425
655614
CHEMBL297319
640470
641392
CHEMBL269559
699346
648264
83092
87615
101645
610998
CHEMBL208380
CHEMBL518356
672120
86744
650710
86743
76154
76155
637140
646090
646093
646094
684425
286719
696906
696905
677149
286717
677142
672461
677147
23615
686954
CHEMBL483012
674897
683659
686958
648864
660816
650805
643414
714892
681630
681631
640928
634748
640922
640921
631515
668536
648367
646219
626764
688084
688085
646218
647417
668535
CHEMBL266924
633648
625487
632486
625483
625482
643523
668823
CHEMBL317293
687604
635189
652143
630917
630912
707156
707157
673738
131278
CHEMBL257282
CHEMBL264938
CHEMBL2041780
673731
673732
673735
673736
673737
705970
56137
642908
635237
635234
64111
116685
668312
654956
75990
631732
105387
631731
661203
668318
668319
673604
673605
CHEMBL229045
105014
105017
657571
660306
635435
635431
635430
405102
CHEMBL205830
657376
657374
657372
405109
657370
657371
633771
633772
141848
678473
113090
CHEMBL323259
CHEMBL130984
649650
647951
647950
690197
668556
645313
CHEMBL463455
679679
694622
133689
694521
649638
CHEMBL350133
645032
690633
633178
633179
149689
690634
690635
CHEMBL154398
637326
CHEMBL3297961
301503
644578
657026
CHEMBL291558
657023
657020
657021
254064
657029
698623
4559
659020
698624
633001
658001
668313
637342
CHEMBL162783
671286
671284
671285
613729
671283
683701
636183
CHEMBL1089648
679290
78490
655260
655261
662556
662557
616253
657978
667226
667225
667224
667223
667222
668311
CHEMBL401279
657972
657974
122390
657976
691585
691584
630670
637921
637920
637691
704365
698506
CHEMBL203894
636985
CHEMBL124389
339683
76507
334029
631853
334027
682984
648272
648270
672136
656579
695585
356128
148958
662794
660440
174121
CHEMBL164229
CHEMBL38606
CHEMBL2114989
370656
621109
646226
646227
CHEMBL53554
126380
11020
CHEMBL122180
CHEMBL28589
643408
143344
25952
CHEMBL317091
640683
CHEMBL2368078
681628
634756
681625
681624
634753
634752
634750
653454
677287
CHEMBL248147
638583
CHEMBL584777
CHEMBL331237
51046
680662
CHEMBL12089
670702
CHEMBL389619
690985
690986
CHEMBL310254
669145
669146
687161
CHEMBL452367
654824
654822
654820
CHEMBL525076
65856
625832
705968
705967
705966
705965
705964
680718
705962
705961
705960
527017
635246
635244
668301
641043
631727
668302
668304
634414
19912
644943
CHEMBL1170198
700285
700284
328403
657369
CHEMBL3298048
405115
63911
677993
640918
CHEMBL139830
675282
675283
675280
675281
682006
675284
675285
CHEMBL3143028
CHEMBL625
CHEMBL991
400241
CHEMBL268115
CHEMBL120678
63689
649649
649648
646942
646940
690562
690561
CHEMBL223769
666849
699740
97599
CHEMBL1222524
652885
56078
363072
CHEMBL1275639
149690
CHEMBL11234
CHEMBL43357
667645
CHEMBL439717
710301
710300
710303
710302
CHEMBL456714
633241
63862
657030
682399
167406
702732
CHEMBL277239
690199
690198
CHEMBL409338
690193
645790
645797
694623
690194
122023
CHEMBL3297960
297830
671292
CHEMBL517753
87294
CHEMBL192310
36179
380720
657967
647148
74489
647145
647147
685269
647142
667251
608336
650641
CHEMBL584776
CHEMBL376219
636996
670887
637469
636990
670888
637918
637919
670967
652887
157725
699743
284682
656637
662300
672102
284200
648204
672100
645571
645576
645575
CHEMBL471181
645241
CHEMBL219474
79733
319726
687952
687950
CHEMBL350598
659368
685465
667871
160469
160468
CHEMBL1460
658275
CHEMBL198050
650826
698960
CHEMBL273330
625642
659367
652262
652261
652260
667879
CHEMBL567324
65069
CHEMBL89087
CHEMBL14475
633557
607319
680416
680415
680414
680413
680411
646120
636126
CHEMBL107200
CHEMBL500453
CHEMBL1743596
CHEMBL140040
676836
625919
625917
687371
687375
647557
647556
647555
647554
55797
655930
647550
647558
CHEMBL2407276
98616
CHEMBL2057563
CHEMBL2057561
39027
677186
625829
677184
677180
CHEMBL403574
CHEMBL249447
154020
CHEMBL404519
641274
262665
649490
668339
CHEMBL109976
668334
668335
668336
668337
668330
668331
668332
668333
633978
633979
74596
CHEMBL323016
652185
CHEMBL3143030
700251
671048
671049
118305
639426
63678
687002
700283
701710
297626
671047
CHEMBL22964
646939
97588
383031
666695
CHEMBL206281
666693
52588
300289
666698
CHEMBL349208
163088
53364
677721
677720
651923
668840
668841
CHEMBL1275607
633394
633395
157004
7231
618121
645011
633398
633399
668537
667674
650825
668445
636504
661404
636506
636507
CHEMBL43184
661403
636503
657002
700145
657004
678323
657006
657008
CHEMBL436283
656777
652263
640890
694618
694619
633026
660680
660681
660682
660683
646440
686509
670937
650358
653327
CHEMBL1275648
668824
140865
666071
CHEMBL35033
647158
664909
659755
CHEMBL2170444
67574
647150
CHEMBL2420233
665614
CHEMBL366861
407350
705592
CHEMBL1163200
CHEMBL2170445
301739
670876
CHEMBL124363
64377
5268
698601
698600
637679
698606
663311
CHEMBL526891
698608
CHEMBL169267
639859
146604
653856
202063
78743
78742
147409
659370
659371
659372
659373
706737
706736
657828
657826
706738
657821
114859
79722
672118
672117
672116
672115
699173
699171
15584
699175
CHEMBL1928439
CHEMBL1928438
382772
CHEMBL3143086
CHEMBL385678
662195
282752
703045
662190
684142
665528
CHEMBL66043
665526
665527
634117
642910
652213
638452
642914
CHEMBL65800
642917
CHEMBL142269
637700
637709
77833
697886
CHEMBL1928612
641482
89247
CHEMBL1222531
646115
CHEMBL1222533
CHEMBL1222532
CHEMBL1222535
CHEMBL1222534
CHEMBL1222537
CHEMBL1222536
CHEMBL1222538
CHEMBL2170443
CHEMBL266914
614642
CHEMBL1928615
670190
CHEMBL1928614
82150
640908
CHEMBL2235166
CHEMBL374421
CHEMBL310494
73602
88844
675807
642598
CHEMBL464647
693097
631144
155694
CHEMBL106414
693093
693092
631143
693090
CHEMBL218806
55273
695806
CHEMBL225467
166684
CHEMBL2057574
666442
666443
666445
631527
355256
676916
CHEMBL256448
3067
676919
631528
400081
649247
674503
668329
668328
649486
666994
668323
668322
668321
668320
668327
668326
631701
668324
693145
693144
633963
677438
693143
684968
684967
CHEMBL3137931
193538
686926
638143
635460
635393
686037
671055
671053
671052
671051
671050
670697
124718
664209
674219
646699
652684
632546
CHEMBL2179613
CHEMBL2179611
52590
632548
668587
CHEMBL457336
CHEMBL457335
668851
651349
675460
5070
683648
651341
651340
376265
CHEMBL290327
607633
661431
644503
644502
636515
668923
668924
657019
657018
657016
652535
657014
657011
CHEMBL2398125
658581
CHEMBL315869
CHEMBL377257
9704
657831
650361
650362
650363
650364
650365
94600
CHEMBL137174
641103
CHEMBL372283
CHEMBL23553
647553
679009
647552
698958
663569
655259
655258
655252
638635
640184
667274
658695
658696
658697
640213
76750
CHEMBL83462
667473
667471
637648
637641
637642
637643
637645
637646
692738
5947
89725
688285
30706
646860
659369
650756
650759
659366
659365
659364
659363
699492
699495
650594
699499
CHEMBL275556
353494
645590
CHEMBL240538
652997
655094
655097
660679
660678
640503
655092
CHEMBL41469
50855
50854
380962
CHEMBL340564
620256
CHEMBL517231
642909
668483
652209
634125
643186
CHEMBL80316
637730
637734
648546
355083
616252
3875
CHEMBL1222526
CHEMBL1222527
330770
653480
CHEMBL1222528
CHEMBL1222529
635132
665629
710465
710466
651409
710468
CHEMBL1224844
CHEMBL36303
631174
100877
CHEMBL107409
669042
60305
666456
CHEMBL511482
209407
661186
635316
699835
665759
681677
632479
625374
16027
667872
667873
51812
650028
667876
670467
667875
650023
650020
649270
650024
668533
CHEMBL98420
324043
641450
641452
684913
93000
CHEMBL524513
670687
CHEMBL63592
CHEMBL38632
641110
665347
668265
664213
600969
116716
116717
97250
703188
646660
673797
673794
673795
673790
56081
652256
335791
679497
679496
693543
693545
693544
247561
679499
669995
643730
CHEMBL190729
657790
646861
618857
668486
668487
668484
668485
668482
665963
629266
668488
668489
671151
652255
641119
7364
149713
CHEMBL456943
679012
679011
646485
685968
CHEMBL456945
CHEMBL373636
685962
682298
619072
CHEMBL102425
CHEMBL366800
CHEMBL359450
CHEMBL477632
694250
CHEMBL186769
670858
95654
49842
78589
637650
690015
CHEMBL129
626540
380882
40261
662427
695039
40262
363804
405895
657807
CHEMBL405649
658576
658573
710055
107124
83089
CHEMBL219339
660647
284437
CHEMBL1944933
CHEMBL1928451
CHEMBL1928450
CHEMBL52868
CHEMBL7187
663606
677305
677304
677307
630141
677300
698959
677302
CHEMBL38700
381281
663599
673317
700863
351095
382957
382956
382955
714893
637726
637725
703987
703986
382959
382958
680729
631381
616248
631384
630891
616247
616246
616243
634397
634394
706108
706105
706106
CHEMBL28769
650944
671811
102042
695310
651413
634628
CHEMBL1171266
305734
675866
675867
675865
650747
634407
634405
634403
634400
666423
666420
652040
696248
CHEMBL516649
713580
713581
CHEMBL436546
635590
712827
703046
642719
634716
CHEMBL98986
683247
697445
124081
697447
525040
645294
649914
645298
645299
632010
CHEMBL67451
617596
CHEMBL68956
CHEMBL472269
657322
641449
657326
43567
635449
688039
662426
638364
CHEMBL403270
CHEMBL482690
673095
686051
614939
614938
677930
614937
614936
668270
668272
CHEMBL39874
665357
665358
670034
670035
CHEMBL2368542
CHEMBL109831
640888
640889
680820
300288
632834
632835
337589
69319
166641
294614
CHEMBL713
9498
632237
676445
CHEMBL264037
CHEMBL417332
657803
CHEMBL287634
657781
665993
245135
657789
657788
CHEMBL1945222
669270
212561
685577
685576
668491
668490
CHEMBL110224
682338
CHEMBL527087
633059
CHEMBL457555
376484
671182
675262
149708
636666
694065
683125
646490
CHEMBL325757
33410
CHEMBL484
CHEMBL483
633393
710056
18218
657923
CHEMBL36925
27417
658578
CHEMBL1240746
279836
CHEMBL131998
694249
659164
CHEMBL1240749
CHEMBL313761
637624
689217
689215
600768
694755
CHEMBL425148
373961
CHEMBL291238
108408
672140
672141
658788
108404
640526
674195
692623
CHEMBL1928442
CHEMBL1928443
713579
713578
CHEMBL1928446
CHEMBL1928447
CHEMBL1928444
CHEMBL1928445
CHEMBL1928448
CHEMBL1928449
382722
636502
642967
614584
648883
659239
648887
700858
691199
656259
700855
700856
700857
CHEMBL205037
157411
657732
CHEMBL163664
675783
697879
616275
616276
668297
706112
CHEMBL413750
677259
634652
643545
CHEMBL338016
647275
CHEMBL1224824
650955
666553
650959
650958
644269
666554
691262
689192
19492
19493
400306
13759
CHEMBL2022921
CHEMBL510393
CHEMBL2041785
676364
666433
666432
702218
382453
666437
666438
606170
CHEMBL317710
677599
632951
699850
683837
630887
102061
CHEMBL295826
642036
634509
660819
677306
647603
664399
660810
687595
649457
CHEMBL287942
693118
693119
632484
652149
652146
635458
693117
337748
652141
642630
689534
689532
689531
677927
677926
691847
691844
691849
677929
671553
653141
353909
674220
641545
640898
694614
640893
85249
640891
694615
694616
635297
632824
700450
667633
671310
641040
667639
641044
687676
691992
669383
691999
670786
669381
669261
669260
671794
375574
633065
633066
669384
CHEMBL853
668315
641131
81746
629472
641139
13203
655429
CHEMBL327259
675277
675276
675275
675274
675273
675271
135996
650739
615985
163661
123408
687852
687853
687850
687851
622444
637630
143703
654242
CHEMBL2170300
CHEMBL1928613
CHEMBL165487
CHEMBL1928611
CHEMBL1928616
657864
380202
607746
79093
657869
698023
698022
3062
3061
15783
677437
698807
698806
CHEMBL3142813
688954
698802
705260
705261
688965
675468
675469
675466
675467
655247
670940
670941
664943
664942
664941
CHEMBL2398126
636340
637832
645030
634627
CHEMBL11453
CHEMBL163723
662249
633910
648541
648540
648545
648544
648547
651807
355637
CHEMBL153872
707795
CHEMBL584781
645242
78787
CHEMBL262954
CHEMBL334281
CHEMBL152007
651431
651430
CHEMBL430464
666249
676311
676313
79232
681464
131286
CHEMBL454929
687100
687101
341958
671308
201322
32942
50848
653561
CHEMBL108267
614577
681684
631567
CHEMBL149674
681683
635029
634510
697936
CHEMBL76377
638189
693102
693105
640909
638342
CHEMBL71876
55237
642609
697598
697599
691851
691850
691852
670010
CHEMBL431573
CHEMBL278657
670784
670785
669380
670787
670780
CHEMBL1834274
670782
669389
670788
669670
715779
674499
639425
CHEMBL404499
688303
700449
64431
679680
CHEMBL511557
671309
683688
639760
CHEMBL290367
CHEMBL525781
CHEMBL386083
CHEMBL157169
CHEMBL331856
700203
CHEMBL512553
669708
669709
618049
125625
CHEMBL449902
CHEMBL527068
333427
641699
135875
633273
CHEMBL415959
106029
650742
683577
636989
655927
36398
84185
CHEMBL449611
53864
679512
659374
659375
648405
648154
648155
648151
619228
CHEMBL434805
691518
691519
687847
691514
701311
701312
701313
701314
691511
122415
636735
637356
637357
637354
637355
641096
701794
701790
701791
701792
701793
657877
CHEMBL303397
655103
CHEMBL36165
CHEMBL392194
71595
701779
640540
640542
CHEMBL289786
645033
675475
675474
CHEMBL2398137
675471
658527
675473
675472
264712
645034
405084
656274
663658
CHEMBL445287
677578
650886
663652
663653
663656
663657
706090
706091
668839
643700
213879
210
643704
643705
694917
334183
694910
CHEMBL430492
699505
699504
690205
690203
690202
690200
339433
339430
77209
CHEMBL524891
677231
606847
256442
256441
656310
651686
651687
666373
634672
634673
691242
643018
681454
655431
CHEMBL330025
13697
CHEMBL267345
180260
CHEMBL295292
634699
646033
CHEMBL205560
641700
CHEMBL152100
641705
641706
632932
634211
634214
CHEMBL446650
654816
635030
8662
23414
23416
610924
679513
696459
657327
CHEMBL427392
631130
638359
638356
638355
638352
642611
670001
667947
CHEMBL332892
667948
687664
649892
94258
128687
CHEMBL206264
680819
CHEMBL1830069
CHEMBL524318
366078
158209
661122
661123
CHEMBL120931
669669
5900
CHEMBL1164382
CHEMBL316518
632840
292567
602670
632029
CHEMBL525958
651339
700300
700301
CHEMBL1214666
676419
679694
116668
639759
116662
639757
116666
116664
667890
667891
667892
667893
667894
667896
53907
53908
658952
658950
CHEMBL558516
687845
24819
669712
231984
657734
688808
657733
CHEMBL29660
688805
688806
404019
633240
687849
407296
407297
CHEMBL490572
407290
186301
CHEMBL117
686505
682092
679509
679508
633646
CHEMBL28
679501
679500
679502
626761
679504
668531
CHEMBL1240719
698599
691201
614580
CHEMBL1240712
689955
689954
689951
347784
CHEMBL2177850
CHEMBL261788
645658
152100
CHEMBL69755
698607
CHEMBL154177
637345
637347
637614
701789
CHEMBL357199
679432
701782
346410
295591
CHEMBL1093866
CHEMBL326205
659688
CHEMBL501150
657840
666386
54059
701765
701766
79140
79141
670962
670963
670964
670966
714027
CHEMBL254632
636365
656261
656260
706089
CHEMBL88418
663640
643717
CHEMBL1222530
643719
CHEMBL526494
657996
657994
657995
630348
CHEMBL554190
CHEMBL23094
630342
630343
630345
630346
CHEMBL317039
245392
93729
635825
51519
CHEMBL436536
59067
665492
665490
89791
650986
CHEMBL233929
691258
681442
681441
634681
673123
632839
704813
667227
100258
662283
674668
CHEMBL454272
CHEMBL351636
686925
245401
656400
126894
66020
CHEMBL406752
CHEMBL273384
683208
625852
625853
625850
683201
683207
683206
696443
641406
CHEMBL141072
CHEMBL225004
CHEMBL229049
706328
706329
13771
CHEMBL252849
639330
642198
642660
256942
91529
667951
667950
667952
635315
687098
687099
687096
687097
687094
687095
CHEMBL105318
655414
687308
CHEMBL2414505
668825
670147
670360
670361
635552
635553
CHEMBL462649
670365
69603
69600
688364
688366
675476
683050
CHEMBL269538
693096
CHEMBL315916
651320
675470
693332
CHEMBL304144
693334
693335
CHEMBL323276
636988
CHEMBL106411
667889
667888
667887
667885
667884
128786
667880
652758
657504
CHEMBL1164481
404020
641689
685533
671184
633091
518777
671183
633092
674053
CHEMBL275938
CHEMBL110175
CHEMBL43028
128304
633652
633651
668838
668299
668298
668833
668832
668831
668830
668837
668836
668835
668834
677598
363218
658180
CHEMBL149893
CHEMBL1760728
29215
677759
623929
658433
658434
CHEMBL349271
237107
711261
CHEMBL220873
CHEMBL1743681
695573
CHEMBL1743683
688960
CHEMBL1945225
695574
688964
108193
701197
701195
179306
179307
CHEMBL401356
675456
675455
675453
710029
675451
675459
675458
79136
34934
CHEMBL296175
34931
670158
704061
704063
CHEMBL165397
704064
699418
CHEMBL504224
108579
202103
657989
122349
643729
657981
643725
657983
685004
643721
657987
635955
664865
76061
662479
CHEMBL340698
CHEMBL1923868
407042
664737
CHEMBL1223099
CHEMBL1938679
635835
CHEMBL1788186
666592
666591
665489
706742
706740
706741
665485
665487
CHEMBL545063
694915
79594
696237
704381
696239
82013
140025
CHEMBL81028
CHEMBL477222
681540
92228
640502
625847
649410
649411
649413
CHEMBL330919
666763
647648
647643
652886
647644
10848
639327
639326
680306
CHEMBL305179
CHEMBL591804
96347
631667
635308
75805
56714
665122
665121
670778
687314
687313
CHEMBL543878
383230
CHEMBL63647
668325
19984
642079
635548
702657
97567
CHEMBL35923
677650
607745
669736
669735
669733
669732
90507
118075
633402
633403
633400
633401
119892
666101
682326
682324
707970
CHEMBL423038
125562
112801
656312
704276
121513
CHEMBL109122
669823
669825
CHEMBL322215
689135
CHEMBL1240734
CHEMBL1240731
CHEMBL512031
637366
CHEMBL388753
711258
609074
22842
665904
203426
58588
176323
655397
CHEMBL447121
695562
636783
656597
636789
91105
710032
609651
44181
CHEMBL1077033
700586
CHEMBL524836
700589
666692
701699
655717
CHEMBL347469
CHEMBL352774
702983
702984
702985
673802
673803
673800
351074
351075
673805
157995
694617
630328
630329
148828
636412
CHEMBL501916
148823
CHEMBL380248
636948
636949
79050
637412
365360
696043
699339
382060
136475
CHEMBL317525
643593
643591
692036
692037
666587
67806
26745
355706
355705
369002
634758
CHEMBL330107
38091
681626
CHEMBL266607
CHEMBL444314
66757
672457
662138
CHEMBL559875
677303
160436
CHEMBL421506
CHEMBL91609
691127
CHEMBL294840
CHEMBL209177
643118
640917
640915
625879
683883
683885
683884
400242
683886
616791
639319
CHEMBL138469
624477
9896
631677
43891
83066
631679
705969
CHEMBL427213
642720
632780
646616
CHEMBL2368322
121858
661115
706092
CHEMBL392143
93419
642088
624010
649971
642080
642081
632252
CHEMBL338919
706093
CHEMBL515793
CHEMBL1791027
CHEMBL1791024
CHEMBL1791029
74380
660371
660372
660373
660374
641202
668341
668340
701196
CHEMBL551810
707969
682861
682862
CHEMBL337029
134296
710299
667752
633232
645323
714466
714468
57034
612116
628953
662831
662830
623548
9169
658453
CHEMBL30868
634521
615275
659105
CHEMBL359776
650471
682594
682595
682596
668165
CHEMBL397730
685804
CHEMBL888
636791
695552
380479
70861
656720
700591
CHEMBL313674
651015
698273
712828
712826
16963
CHEMBL1224823
209870
40341
652938
109825
CHEMBL477022
CHEMBL1928441
2801
677391
640122
CHEMBL36656
630336
630339
636952
637138
636406
664888
662451
662450
646858
640659
657150
23529
681813
695046
659499
676369
695041
59296
659497
676362
691200
658703
643697
339279
643698
639017
639015
CHEMBL520347
677161
666246
CHEMBL58057
666245
666243
CHEMBL3138254
634785
634786
48972
CHEMBL11465
693866
691115
CHEMBL1169649
234714
631310
CHEMBL338356
640903
640905
640904
640907
640906
676948
676949
406767
697782
697785
697784
CHEMBL428685
696361
CHEMBL433163
635141
641698
635142
642657
705963
642659
641697
CHEMBL57171
713218
717351
CHEMBL2234826
CHEMBL2234825
CHEMBL2234824
96547
CHEMBL2234822
406613
635327
673304
22070
635320
647593
654814
654812
CHEMBL322170
654818
705957
705955
680185
705958
705959
CHEMBL269090
682124
635212
632249
CHEMBL304445
646570
661222
646576
CHEMBL71358
240020
650042
CHEMBL291426
166726
116792
633421
633422
657779
682697
657775
700298
700299
297370
297371
700290
CHEMBL1830068
215138
668176
668570
CHEMBL205266
CHEMBL53377
CHEMBL84245
605756
647978
294572
CHEMBL1080
646976
647975
647974
647976
685279
685274
685275
685276
685270
685273
668889
126371
653253
CHEMBL269277
CHEMBL1275646
CHEMBL1275645
CHEMBL1275644
712905
CHEMBL516145
380481
712906
CHEMBL1629877
CHEMBL422798
694144
694145
694324
694325
6836
694322
CHEMBL456270
CHEMBL290841
609076
700632
609072
609073
651022
CHEMBL105018
714026
CHEMBL435294
640334
685583
685587
695302
695304
695307
164880
643544
673826
673827
628495
673828
673829
334179
650950
657957
657952
657950
657951
638644
CHEMBL352189
CHEMBL1224827
695649
615271
677546
615273
615272
CHEMBL194649
369395
129198
CHEMBL405711
698089
699227
CHEMBL1224828
699228
CHEMBL306336
CHEMBL1923856
78702
665694
126612
662480
CHEMBL1788171
667874
675286
CHEMBL375990
CHEMBL375991
129220
685125
640069
CHEMBL39574
CHEMBL444022
679505
CHEMBL433997
640065
646086
646084
646085
681110
646089
707398
707399
CHEMBL266396
666700
666255
652257
652254
666256
651814
CHEMBL273470
634792
634791
652258
652259
640660
CHEMBL139822
686964
